0 0.47421875 0.5023529411764706 0.0890625 0.2376470588235294
5 0.1765625 0.7941176470588235 0.10625 0.25176470588235295
5 0.29921875 0.8223529411764706 0.0609375 0.20941176470588235
5 0.3984375 0.8470588235294118 0.096875 0.2023529411764706
5 0.61015625 0.7741176470588236 0.1328125 0.19294117647058823
5 0.315625 0.5447058823529412 0.065625 0.07764705882352942
5 0.215625 0.5388235294117647 0.05 0.0988235294117647
5 0.7359375 0.8 0.103125 0.23058823529411765
5 0.88984375 0.7870588235294118 0.0953125 0.24235294117647058
5 0.79765625 0.8258823529411765 0.1078125 0.2164705882352941
5 0.50390625 0.7729411764705882 0.1453125 0.20941176470588235
5 0.071875 0.7729411764705882 0.065625 0.19058823529411764
0 0.1 0.4717647058823529 0.034375 0.06823529411764706
