0 0.18046875 0.7247058823529412 0.3046875 0.48470588235294115
0 0.09609375 0.47294117647058825 0.1484375 0.24
0 0.56640625 0.4435294117647059 0.0953125 0.1952941176470588
0 0.70078125 0.6152941176470588 0.3578125 0.7552941176470588
0 0.31796875 0.43411764705882355 0.0859375 0.12941176470588237
0 0.1625 0.4364705882352941 0.071875 0.11058823529411765
0 0.2078125 0.4176470588235294 0.084375 0.1011764705882353
0 0.23125 0.3811764705882353 0.059375 0.0988235294117647
0 0.26953125 0.41058823529411764 0.0640625 0.10588235294117647
0 0.421875 0.5494117647058824 0.121875 0.40705882352941175
