0 0.096875 0.246875 0.13125 0.34375
0 0.1125 0.8010416666666667 0.153125 0.38125
0 0.8984375 0.5875 0.11875 0.37916666666666665
0 0.7546875 0.3885416666666667 0.15 0.3104166666666667
0 0.41796875 0.4479166666666667 0.1953125 0.29583333333333334
0 0.459375 0.7114583333333333 0.16875 0.28958333333333336
0 0.546875 0.7510416666666667 0.190625 0.3770833333333333
0 0.5921875 0.50625 0.13125 0.20416666666666666
0 0.7109375 0.7427083333333333 0.196875 0.3020833333333333
0 0.346875 0.08020833333333334 0.04375 0.11875
0 0.390625 0.08958333333333333 0.0375 0.13333333333333333
0 0.4296875 0.10625 0.04375 0.10416666666666667
0 0.48515625 0.12291666666666666 0.0390625 0.15833333333333333
0 0.5421875 0.13854166666666667 0.053125 0.18541666666666667
0 0.5890625 0.10208333333333333 0.040625 0.07916666666666666
0 0.5859375 0.190625 0.040625 0.11041666666666666
0 0.634375 0.19583333333333333 0.05 0.1
0 0.68828125 0.06770833333333333 0.0484375 0.08125
0 0.2078125 0.09583333333333334 0.05625 0.07916666666666666
0 0.78671875 0.24375 0.0859375 0.12083333333333333
0 0.73203125 0.178125 0.0765625 0.06875
0 0.79296875 0.05520833333333333 0.0515625 0.09375
