0 0.5015625 0.4307511737089202 0.1375 0.21830985915492956
0 0.23515625 0.2347417840375587 0.0890625 0.3427230046948357
0 0.31953125 0.24530516431924881 0.0640625 0.2746478873239437
0 0.38125 0.2347417840375587 0.053125 0.2347417840375587
0 0.43828125 0.16314553990610328 0.0453125 0.12441314553990611
0 0.7734375 0.22065727699530516 0.06875 0.22535211267605634
0 0.8640625 0.38615023474178406 0.10625 0.2605633802816901
0 0.53828125 0.7300469483568075 0.3359375 0.5305164319248826
0 0.55703125 0.19131455399061034 0.0921875 0.24647887323943662
0 0.0984375 0.6953125 0.165625 0.309375
0 0.7625 0.484375 0.196875 0.290625
