0 0.6234375 0.659375 0.06875 0.39375
0 0.46484375 0.5760416666666667 0.0828125 0.20625
0 0.17734375 0.440625 0.0296875 0.13541666666666666
0 0.2140625 0.4395833333333333 0.03125 0.15
0 0.2859375 0.4427083333333333 0.040625 0.13541666666666666
0 0.90546875 0.4510416666666667 0.0484375 0.12708333333333333
0 0.846875 0.440625 0.046875 0.13958333333333334
0 0.73046875 0.47604166666666664 0.0546875 0.26875
0 0.54453125 0.5395833333333333 0.0703125 0.2916666666666667
0 0.3984375 0.4895833333333333 0.05625 0.2375
