0 0.14296875 0.7816901408450704 0.1203125 0.29107981220657275
0 0.23984375 0.7769953051643192 0.0921875 0.3004694835680751
0 0.33203125 0.7887323943661971 0.0921875 0.3192488262910798
0 0.4484375 0.7723004694835681 0.125 0.28169014084507044
0 0.56484375 0.7652582159624414 0.0984375 0.2347417840375587
0 0.67109375 0.7910798122065728 0.1171875 0.2863849765258216
0 0.7828125 0.7946009389671361 0.125 0.3028169014084507
0 0.89921875 0.7723004694835681 0.1609375 0.30985915492957744
0 0.04609375 0.5938967136150235 0.0609375 0.29107981220657275
0 0.09609375 0.2007042253521127 0.0609375 0.13849765258215962
0 0.1453125 0.29460093896713613 0.065625 0.13849765258215962
0 0.17890625 0.19014084507042253 0.0640625 0.13615023474178403
0 0.26171875 0.16549295774647887 0.0796875 0.13380281690140844
0 0.3515625 0.18896713615023475 0.071875 0.15258215962441316
0 0.428125 0.1619718309859155 0.075 0.13145539906103287
0 0.51953125 0.1596244131455399 0.0734375 0.1267605633802817
0 0.61640625 0.1607981220657277 0.0578125 0.1056338028169014
0 0.70078125 0.16784037558685447 0.0765625 0.11032863849765258
0 0.80703125 0.1772300469483568 0.0546875 0.09154929577464789
0 0.8859375 0.18661971830985916 0.0625 0.09154929577464789
0 0.87734375 0.27230046948356806 0.0640625 0.09859154929577464
0 0.7796875 0.25586854460093894 0.046875 0.0892018779342723
0 0.659375 0.24530516431924881 0.06875 0.08215962441314555
0 0.58203125 0.2546948356807512 0.0703125 0.11502347417840375
0 0.48828125 0.26291079812206575 0.0546875 0.107981220657277
0 0.39765625 0.2734741784037559 0.0703125 0.1056338028169014
0 0.31640625 0.25938967136150237 0.0828125 0.12910798122065728
0 0.27578125 0.36032863849765256 0.0515625 0.10093896713615023
0 0.38671875 0.3779342723004695 0.0640625 0.10328638497652583
0 0.36875 0.5011737089201878 0.0625 0.11971830985915492
0 0.484375 0.5211267605633803 0.06875 0.12206572769953052
0 0.58125 0.5258215962441315 0.06875 0.1596244131455399
0 0.6875 0.5434272300469484 0.078125 0.12910798122065728
0 0.8078125 0.539906103286385 0.065625 0.107981220657277
0 0.92578125 0.5586854460093896 0.0765625 0.18309859154929578
0 0.875 0.4518779342723005 0.065625 0.12441314553990611
0 0.93203125 0.4131455399061033 0.0359375 0.09859154929577464
0 0.53984375 0.37089201877934275 0.0734375 0.0892018779342723
0 0.45 0.38380281690140844 0.046875 0.08685446009389672
0 0.178125 0.38967136150234744 0.059375 0.09389671361502347
0 0.07109375 0.38380281690140844 0.0671875 0.09154929577464789
0 0.1625 0.49765258215962443 0.059375 0.14553990610328638
0 0.6921875 0.392018779342723 0.053125 0.107981220657277
0 0.778125 0.3873239436619718 0.065625 0.09389671361502347
0 0.628125 0.37089201877934275 0.0625 0.09859154929577464
0 0.225 0.2511737089201878 0.0625 0.09859154929577464
