5 0.73046875 0.67890625 0.3828125 0.2234375
5 0.734375 0.48046875 0.16875 0.1328125
5 0.60546875 0.41875 0.0921875 0.1
5 0.43203125 0.49140625 0.1546875 0.1328125
5 0.29609375 0.46796875 0.1078125 0.1265625
5 0.4078125 0.34375 0.084375 0.084375
5 0.32578125 0.3875 0.0921875 0.109375
5 0.07421875 0.3640625 0.0890625 0.084375
5 0.18984375 0.3484375 0.1765625 0.103125
5 0.33359375 0.6921875 0.3296875 0.3
5 0.79609375 0.33671875 0.1015625 0.0796875
5 0.68359375 0.32265625 0.0921875 0.0578125
5 0.31328125 0.2984375 0.0859375 0.0625
5 0.9203125 0.35 0.103125 0.103125
5 0.48515625 0.2890625 0.0546875 0.08125
5 0.60546875 0.28671875 0.0796875 0.0546875
