5 0.27109375 0.68046875 0.0515625 0.0546875
5 0.20390625 0.61953125 0.0671875 0.0609375
5 0.40234375 0.74296875 0.0734375 0.0703125
5 0.31640625 0.58515625 0.0328125 0.0546875
5 0.0765625 0.434375 0.046875 0.071875
5 0.859375 0.653125 0.06875 0.065625
0 0.85703125 0.43046875 0.0453125 0.1015625
0 0.46328125 0.2890625 0.0421875 0.096875
0 0.14375 0.30078125 0.040625 0.0796875
5 0.63515625 0.603125 0.0515625 0.046875
5 0.51875 0.640625 0.0625 0.040625
5 0.32734375 0.53359375 0.0390625 0.0359375
5 0.25234375 0.51953125 0.0328125 0.0359375
5 0.09375 0.6421875 0.071875 0.0625
5 0.05234375 0.58203125 0.0484375 0.0578125
5 0.63125 0.46328125 0.04375 0.0359375
