0 0.13515625 0.13203125 0.1296875 0.2078125
0 0.37265625 0.13125 0.1265625 0.196875
0 0.62421875 0.13828125 0.1453125 0.2015625
0 0.87109375 0.12265625 0.1703125 0.1859375
0 0.13984375 0.3875 0.1734375 0.240625
0 0.3734375 0.38203125 0.159375 0.2140625
0 0.62421875 0.38125 0.1640625 0.19375
0 0.87265625 0.3828125 0.1578125 0.196875
0 0.13984375 0.63359375 0.1578125 0.2359375
0 0.375 0.62578125 0.140625 0.1890625
0 0.62421875 0.62890625 0.1421875 0.2015625
0 0.88125 0.62734375 0.18125 0.1921875
0 0.128125 0.87265625 0.16875 0.2046875
0 0.3828125 0.871875 0.15625 0.196875
0 0.62265625 0.87265625 0.1578125 0.2078125
0 0.88046875 0.87265625 0.1703125 0.2140625
